24
24
24
24
24
24
24
24
24
24
24
24
24
24
24
24
24
25
25
25
25
25
25
25
25
26
26
26
26
28
28
28
28
30
30
30
30
32
32
32
32
34
34
34
34
36
36
36
36
36
38
38
38
40
40
40
42
42
42
42
42
44
44
44
44
47
47
47
47
48
48
48
48
48
49
49
49
51
51
51
51
53
53
53
53
56
56
56
56
57
57
57
57
59
59
59
62
62
62
62
64
64
64
64
64
66
66
68
68
68
68
68
68
69
69
69
69
71
71
71
71
72
72
72
72
74
74
74
74
75
75
75
75
76
76
76
76
76
78
78
78
80
80
80
80
82
82
82
82
84
84
84
84
85
85
85
85
87
87
87
87
88
88
88
88
90
90
90
90
92
92
92
92
94
94
94
94
96 
96
96
96
98
98
98
98
98
99
99
99
100
100
